[input]

run-type=full
pesummary=0
screen-output=1
output=gw150914_local_data_32s_tight_prior_KN
data-H1=data/Real_data/GW150914/H-H1_GWOSC_4KHZ_R1-1126259447-32.txt
data-L1=data/Real_data/GW150914/L-L1_GWOSC_4KHZ_R1-1126259447-32.txt
kerr-modes = [(2,2,2,0), (2,2,2,1)]
trigtime=1126259462.4232266
detectors=H1,L1
sky-frame = equatorial
reference-amplitude=1E-21
amp-non-prec-sym=1
charge=1
qnm-fit=0

[Sampler settings]
resume=0
verbose=3
nlive=256
maxmcmc=256
seed=1234

[Priors]

gr-time-prior=1
mf-time-prior=67.92493161247017
fix-t=0.0
fix-ra=1.1578762186634035
fix-dec=-1.191080211569962
fix-phi=0.0
fix-cosiota=-0.9
Mf-min=64.94977230024124
Mf-max=70.70056081173061
af-min=0.6287784992235761
af-max=0.7085956544336018
A2220-min=0.0
A2220-max=15.0
A2221-min=0.0
A2221-max=30.0

[Injection]

[Plot]

imr-samples=data/Real_data/GW150914/GW150914_LAL_IMRPhenomP_O1_GWOSC_Mf_af_samples.txt
